1 K 2800    0  540    0 0 2800  960    0 0    0    1    0  0    0    0    1
1 T 1         0         0    -0.992 0 -0.980233  0.197846   4.25424 0 -0.197846 -0.980233   50.7611 0         0         0         1
1 P 2800  -106.837  -529.326   24633.4 0  -2934.58  -387.056   60642.5 0 -0.197846 -0.980233   50.7611  0         0         0         1
2 K 2800    0  540    0 0 2800  960    0 0    0    1    0 0    0    0    1
2 T 0.992845 0 0.119409 -0.475994 -0.0126848  -0.994342   0.105469    4.50152  0.118733  -0.106229  -0.987227    51.1624 0 0 0 1
2 P 2844.08  -57.3639  -198.757   26294.9 78.4668  -2886.14  -652.424   61720.2 0.118733 -0.106229 -0.987227   51.1624 0         0         0 1
3 K 2800    0  540    0 0 2800  960    0 0    0    1    0 0    0    0    1
3 T 0.992486         0 -0.122354    -1.194 0.0168 -0.990529  0.136275   2.94501 -0.121196 -0.137306 -0.983086    51.235 0 0 0 1
3 P 2713.52  -74.1454  -873.459   24323.7 -69.3076  -2905.29  -562.194   57431.6 -0.121196 -0.137306 -0.983086    51.235  0 0 0 1
4 K 2800    0  540    0 0 2800  960    0 0    0    1    0  0    0    0    1
4 T 0.990887 -0.0349835   0.130076   -0.39883 -0.0154219  -0.988799  -0.148453    5.21525  0.133813   0.145094  -0.980327    51.4348   0 0 0 1
4 P 2846.74  -19.6029  -165.163     26658  85.2788  -2629.35  -1356.78   63980.1 0.133813  0.145094 -0.980327   51.4348  0 0 0 1
5 K 2800    0  540    0 0 2800  960    0 0    0    1    0 0    0    0    1
5 T 0.993132  0 -0.117   -1.31811 -0.0159556  -0.990658  -0.135436    4.39716 -0.115907   0.136373  -0.983854 50.0986 0  0 0 1
5 P 2718.18   73.6412  -858.881   23362.5 -155.946  -2642.92  -1323.72   60406.7 -0.115907  0.136373 -0.983854   50.0986 0  0   0    1
6 K 2800    0  540    0 0 2800  960    0 0    0    1    0 0    0    0    1
6 T 0.999913 -0.00661432  0.0114491 -1.67965 -0.00332063   -0.963755   -0.266767 5.18153 0.0127986 0.266705 -0.963693  50.4512 0  0 0  1
6 P 2806.67   125.501  -488.337   22540.7 2.98891  -2442.48  -1672.09   62941.5 0.0127986  0.266705 -0.963693   50.4512 0 0 0 1
7 K 2800    0  540    0 0 2800  960    0 0    0    1    0 0    0    0    1
7 T 0.937227  0   0.348719  0.0983644 -0.0269597  -0.997007  0.0724577    4.02307 0.347676 -0.0773107  -0.934422    49.9151 0  0   0    1
7 P 2811.98   -41.7478    471.826    27229.6 258.281   -2865.84   -694.164    59183.1 0.347676 -0.0773107  -0.934422 49.9151 0  0 0   1
8 K 2800    0  540    0 0 2800  960    0 0    0    1    0 0    0    0    1
8 T  0.942586  0.0130467   0.333708   0.610274 0.0313656  -0.998278 -0.0495659 2.5031 0.332487  0.0571871  -0.941372    50.6554 0 0  0 1
8 P 2818.78   67.4117   426.042   29062.7 407.011  -2740.28   -1042.5   55637.9 0.332487 0.0571871 -0.941372   50.6554 0  0   0   1
9 K 2800    0  540    0 0 2800  960    0 0    0    1    0 0    0    0    1
9 T 0.888146  0.0244048   0.458913 -0.0807339 0.00961322  -0.999357  0.0345407    3.15447 0.459461 -0.0262656  -0.887809    50.3925  0   0  0  1
9 P 2734.92    54.1501     805.54    26985.9 468   -2823.41   -755.583    57209.3 0.459461 -0.0262656  -0.887809    50.3925 0 0 0 1
10 K 2800    0  540    0 0 2800  960    0 0    0    1    0 0    0    0    1
10 T 0.946074 0.0529931 -0.319588  -1.66371 0.0785804 -0.994606 0.0676984   2.85317 -0.314277 -0.089161 -0.945135 50.8413 0 0 0 1
10 P 2479.3 100.234 -1405.22 22795.9 -81.6803 -2870.49 -717.774 56796.5 -0.314277 -0.089161 -0.945135 50.8413 0 0 0 1
11 K 2800 0 540 0 0 2800 960 0 0 0 1 0 0 0 0 1
11 T 0.953292 0.0495429 -0.297958 -2.1856 0.0175454 -0.993874 -0.109121 4.31798 -0.301539 0.0987962 -0.948321 50.253 0 0 0 1
11 P 2506.39 192.07 -1346.38 21017 -240.35 -2688 -1215.93 60333.3 -0.301539 0.0987962 -0.948321 50.253 0 0 0 1
12 K 2800  0 540 0 0 2800 960 0 0 0 1 0 0 0 0 1
12 T 0.893246 0.0364543 -0.448087 -1.42762 0.0583539 -0.997677 0.0351602 0.93474 -0.445764 -0.0575544 -0.893298 50.2201 0 0 0 1
12 P 2260.38 70.9926 -1737.02 23121.5 -264.542 -2848.75 -759.118 50828.6 -0.445764 -0.0575544 -0.893298 50.2201 0 0 0 1
