1 K 2800    0  540    0 0 2800  960    0 0    0    1    0  0    0    0    1
1 T 1         0         0    -0.992 0 -0.980233  0.197846   4.25424 0 -0.197846 -0.980233   50.7611 0         0         0         1
1 P 2800  -106.837  -529.326   24633.4 0  -2934.58  -387.056   60642.5 0 -0.197846 -0.980233   50.7611 0         0         0         1
2 K 2800    0  540    0 0 2800  960    0 0    0    1    0 0    0    0    1
2 T  0.992845          0   0.119409  -0.475994 -0.0126848  -0.994342   0.105469    4.50152 0.118733  -0.106229  -0.987227    51.1624 0          0          0          1
2 P 2844.08  -57.3639  -198.757   26294.9 78.4668  -2886.14  -652.424   61720.2 0.118733 -0.106229 -0.987227   51.1624 0         0         0         1
3 K 2800    0  540    0 0 2800  960    0 0    0    1    0 0    0    0    1
3 T 0.992486         0 -0.122354    -1.194 0.0168 -0.990529  0.136275   2.94501 -0.121196 -0.137306 -0.983086    51.235 0         0         0         1
3 P 2713.52  -74.1454  -873.459   24323.7 -69.3076  -2905.29  -562.194   57431.6 -0.121196 -0.137306 -0.983086    51.235 0         0         0         1
4 K 2800    0  540    0 0 2800  960    0 0    0    1    0  0    0    0    1
4 T 0.990887 -0.0349835   0.130076   -0.3988 -0.0154219  -0.988799  -0.148453    5.21525 0.133813   0.145094  -0.980327    51.4348 0          0          0          1
4 P 2846.74  -19.6029  -165.163     26658 85.2788  -2629.35  -1356.78   63980.1 0.133813  0.145094 -0.980327   51.4348 0         0         0         1
5 K 2800    0  540    0 0 2800  960    0 0    0    1    0 0    0    0    1
5 T 0.993132          0     -0.117   -1.31811 -0.0159556  -0.990658  -0.135436    4.39716 -0.115907   0.136373  -0.983854    50.0986 0          0          0          1
5 P 2718.18   73.6412  -858.881   23362.5 -155.946  -2642.92  -1323.72   60406.7 -0.115907  0.136373 -0.983854   50.0986 0         0         0         1
6 K 2800    0  540    0 0 2800  960    0 0    0    1    0 0    0    0    1
6 T 0.999913 -0.00661432   0.0114491    -1.67965 -0.00332063   -0.963755   -0.266767     5.18153 0.0127986    0.266705   -0.963693     50.4512 0           0           0           1
6 P  2806.67   125.501  -488.337   22540.7  2.98891  -2442.48  -1672.09   62941.5 0.0127986  0.266705 -0.963693   50.4512  0         0         0         1
7 K 2800    0  540    0 0 2800  960    0 0    0    1    0 0    0    0    1
7 T 0.937227          0   0.348719  0.0983644 -0.0269597  -0.997007  0.0724577    4.02307  0.347676 -0.0773107  -0.934422    49.9151  0          0          0          1
7 P  2811.98   -41.7478    471.826    27229.6  258.281   -2865.84   -694.164    59183.1  0.347676 -0.0773107  -0.934422    49.9151  0          0          0          1
8 K 2800    0  540    0 0 2800  960    0 0    0    1    0 0    0    0    1
8 T  0.942676          0   0.333708   0.606557  0.0175464  -0.998617 -0.0495659    2.26119  0.333247    0.05258  -0.941372    50.6668  0          0          0          1
8 P 2819.45   28.3932   426.042   29058.4  369.046  -2745.65   -1042.5   54971.5  0.333247   0.05258 -0.941372   50.6668  0         0         0         1
9 K 2800    0  540    0 0 2800  960    0 0    0    1    0 0    0    0    1
9 T 0.888481          0   0.458913  0.0362985 -0.0178408  -0.999244  0.0345407    2.51945  0.458566 -0.0388761  -0.887809    50.4283  0          0          0          1
9 P 2735.37   -20.9931     805.54    27332.9  390.269    -2835.2   -755.583    55465.6  0.458566 -0.0388761  -0.887809    50.4283  0          0          0          1
10 K 2800    0  540    0 0 2800  960    0 0    0    1    0 0    0    0    1
10 T 0.947557          0  -0.319588   -1.29413  0.022833  -0.997445  0.0676984    3.84033 -0.318771 -0.0714452  -0.945135     50.787  0          0          0          1
10 P 2481.02   -38.5804   -1405.22    23801.4  -242.088   -2861.43   -717.774    59508.4
 -0.318771 -0.0714452  -0.945135     50.787 0          0          0          1
11 K 2800 0 540 0 0 2800 960 0 0 0 1 0 0 0 0 1
11 T 0.954579          0  -0.297958   -2.23567 -0.0340605  -0.993445  -0.109121    5.20383 -0.296005   0.114313  -0.948321    50.1668 0          0          0          1
11 P 2512.98    61.729  -1346.38   20830.2 -379.534   -2671.9  -1215.93   62730.9 -0.296005  0.114313 -0.948321   50.1668 0         0         0         1
12 K 2800  0 540 0 0 2800 960 0 0 0 1 0 0 0 0 1
12 T 0.89399          0  -0.448087   -1.30392 0.0176231  -0.999226  0.0351602    1.90228 -0.44774 -0.0393296  -0.893298    50.1962 0          0          0          1
12 P 2261.39    -21.238   -1737.02      23455 -380.486   -2835.59   -759.118    53514.7 -0.44774 -0.0393296  -0.893298    50.1962 0          0          0          1
