<?xml version="1.0" encoding="UTF-8"?>
<document version="1.4.0">
  <chunk label="Chunk 1" enabled="1">
    <sensors next_id="1">
      <sensor id="0" label="unknown" type="frame">
        <resolution width="1080" height="1920"/>
        <property name="fixed" value="0"/>
        <property name="layer_index" value="0"/>
        <bands>
          <band label="Red"/>
          <band label="Green"/>
          <band label="Blue"/>
        </bands>
        <calibration type="frame" class="adjusted">
          <resolution width="1080" height="1920"/>
          <f>2805.52508406516</f>
        </calibration>
        <covariance>
          <params>f</params>
          <coeffs>1.1274839257821198e+002</coeffs>
        </covariance>
      </sensor>
    </sensors>
    <cameras next_id="12" next_group_id="0">
      <camera id="0" sensor_id="0" label="inverse_rendering_1_0001" enabled="1">
        <transform>9.3481691487470209e-001 6.9443848262992880e-002 -3.4827415580627119e-001 2.8012254679350628e+000 2.6984592998441206e-002 -9.9174949822485448e-001 -1.2531865188972469e-001 1.0027973207706371e+000 -3.5410332871190708e-001 1.0775195918950123e-001 -9.2897812024071436e-001 -5.4366430721978509e-001 0.0000000000000000e+000 0.0000000000000000e+000 0.0000000000000000e+000 1.0000000000000000e+000</transform>
      </camera>
      <camera id="1" sensor_id="0" label="inverse_rendering_1_0002" enabled="1">
        <transform>9.7095235130522572e-001 2.4663361043733407e-002 -2.3799842461008117e-001 1.9192039860505148e+000 1.8140418836217809e-002 -9.9939840868951157e-001 -2.9559193380714457e-002 3.0261022666614834e-001 -2.3858427588443590e-001 2.4383177210903682e-002 -9.7081563850702413e-001 -7.1245314171960519e-002 0.0000000000000000e+000 0.0000000000000000e+000 0.0000000000000000e+000 1.0000000000000000e+000</transform>
      </camera>
      <camera id="2" sensor_id="0" label="inverse_rendering_1_0003" enabled="1">
        <transform>8.8467009344413206e-001 6.3954433798943014e-002 -4.6181019495351849e-001 3.7527929354583702e+000 3.6555974191741294e-002 -9.9701237856965874e-001 -6.8043939699022185e-002 3.7029083611693819e-001 -4.6478219255522568e-001 4.3314516923637032e-002 -8.8436495074557819e-001 -8.0673828349615340e-001 0.0000000000000000e+000 0.0000000000000000e+000 0.0000000000000000e+000 1.0000000000000000e+000</transform>
      </camera>
      <camera id="3" sensor_id="0" label="inverse_rendering_1_0004" enabled="1">
        <transform>9.7290415624812532e-001 -6.7343016194823149e-002 -2.2118413352884606e-001 1.8567671518313706e+000 -1.7624466418376675e-002 -9.7545983150971016e-001 2.1947094407806070e-001 -1.5674857988342668e+000 -2.3053607296601139e-001 -2.0962594133558834e-001 -9.5021580905633130e-001 -4.0941319057833832e-003 0.0000000000000000e+000 0.0000000000000000e+000 0.0000000000000000e+000 1.0000000000000000e+000</transform>
      </camera>
      <camera id="4" sensor_id="0" label="inverse_rendering_1_0005" enabled="1">
        <transform>8.8731658280406378e-001 -6.3209337584399367e-002 -4.5680834222139555e-001 3.7233939642685074e+000 3.5704025780879937e-002 -9.7817256523786589e-001 2.0470382302001885e-001 -1.5211223391013535e+000 -4.5977658098684893e-001 -1.9794699355664477e-001 -8.6569191016084301e-001 -9.5716739645073234e-001 0.0000000000000000e+000 0.0000000000000000e+000 0.0000000000000000e+000 1.0000000000000000e+000</transform>
      </camera>
      <camera id="5" sensor_id="0" label="inverse_rendering_1_0006" enabled="1">
        <transform>9.3948246981716499e-001 -9.7716211101145589e-002 -3.2836600158097473e-001 2.8558846873202710e+000 1.9685738008636273e-002 -9.4148075141181897e-001 3.3649140619054752e-001 -2.4626468773318222e+000 -3.4203093518758754e-001 -3.2259190443821284e-001 -8.8258104589076203e-001 -6.5306216218066737e-001 0.0000000000000000e+000 0.0000000000000000e+000 0.0000000000000000e+000 1.0000000000000000e+000</transform>
      </camera>
      <camera id="6" sensor_id="0" label="inverse_rendering_1_0007" enabled="1">
        <transform>9.9998218751535717e-001 -3.2736409168331504e-004 -5.9596547510975652e-003 3.4656723039084514e-002 -3.2451173200045698e-004 -9.9999983235127243e-001 4.7957227059183480e-004 -7.1308455768933588e-003 -5.9598107467097880e-003 -4.7762975033272643e-004 -9.9998212610310444e-001 2.0140245385530083e-003 0.0000000000000000e+000 0.0000000000000000e+000 0.0000000000000000e+000 1.0000000000000000e+000</transform>
      </camera>
      <camera id="7" sensor_id="0" label="inverse_rendering_1_0008" enabled="1">
        <transform>9.9976350161988681e-001 -1.5883439959342657e-003 -2.1689121515003382e-002 8.0714231818836843e-002 1.2427863480485503e-003 -9.9152655789663313e-001 1.2989819270393149e-001 -1.2814957568553913e+000 -2.1711663014037114e-002 -1.2989442693589742e-001 -9.9129008949961750e-001 9.7022995912451365e-002 0.0000000000000000e+000 0.0000000000000000e+000 0.0000000000000000e+000 1.0000000000000000e+000</transform>
      </camera>
      <camera id="8" sensor_id="0" label="inverse_rendering_1_0009" enabled="1">
        <transform>9.9352608553993604e-001 -5.3948733708074860e-003 1.1347604457772227e-001 -8.7474763107431686e-001 -9.7338259376038676e-003 -9.9924103392198871e-001 3.7717486118925315e-002 -5.2470822755260516e-001 1.1318643904774410e-001 -3.8577862406150056e-002 -9.9282454570173850e-001 4.2502042876585100e-002 0.0000000000000000e+000 0.0000000000000000e+000 0.0000000000000000e+000 1.0000000000000000e+000</transform>
      </camera>
      <camera id="9" sensor_id="0" label="inverse_rendering_1_0010" enabled="1">
        <transform>7.7277806628285628e-001 4.5330622866303974e-002 -6.3305544378251977e-001 5.0440006840973677e+000 4.9697248220802792e-002 -9.9870542092371761e-001 -1.0847383871695156e-002 6.1739348905611821e-002 -6.3272762211824607e-001 -2.3078493194593923e-002 -7.7403045118422642e-001 -1.7303382504653009e+000 0.0000000000000000e+000 0.0000000000000000e+000 0.0000000000000000e+000 1.0000000000000000e+000</transform>
      </camera>
      <camera id="10" sensor_id="0" label="inverse_rendering_1_0011" enabled="1">
        <transform>7.8688287756284314e-001 -7.1634648324323535e-002 -6.1293051331930803e-001 5.0296206986416108e+000 4.8196597510867717e-002 -9.8307163273698017e-001 1.7676892514303350e-001 -1.1742925718482975e+000 -6.1521738027041739e-001 -1.6863760573282122e-001 -7.7010968890535736e-001 -1.7967538684042292e+000 0.0000000000000000e+000 0.0000000000000000e+000 0.0000000000000000e+000 1.0000000000000000e+000</transform>
      </camera>
      <camera id="11" sensor_id="0" label="inverse_rendering_1_0012" enabled="1">
        <transform>6.7585150248004822e-001 2.8516029725568281e-002 -7.3648596907487107e-001 5.7799714374103974e+000 5.7636141051910852e-002 -9.9823608960712673e-001 1.4240247558128135e-002 -4.2497100882319150e-001 -7.3478079849714750e-001 -5.2072501904201263e-002 -6.7630291490228789e-001 -2.5669722894311100e+000 0.0000000000000000e+000 0.0000000000000000e+000 0.0000000000000000e+000 1.0000000000000000e+000</transform>
      </camera>
    </cameras>
    <transform>
      <rotation locked="0">9.4182064324761250e-001 0.0000000000000000e+000 -3.3611586685643569e-001 0.0000000000000000e+000 1.0000000000000000e+000 0.0000000000000000e+000 3.3611586685643569e-001 0.0000000000000000e+000 9.4182064324761250e-001</rotation>
      <translation locked="0">-2.3314845142990710e+000 0.0000000000000000e+000 -5.1032178890147861e-001</translation>
    </transform>
    <reference>LOCAL_CS["Local Coordinates (m)",LOCAL_DATUM["Local Datum",0],UNIT["metre",1,AUTHORITY["EPSG","9001"]]]</reference>
    <region>
      <center>3.0838241547594114e-001 2.3935563341649582e-001 -6.9899288802950581e+000</center>
      <size>3.9363532861073813e+000 2.9671438058217365e+000 1.9583724816640213e+000</size>
      <R>-1.8585416732452818e-002 -9.9908337551082538e-001 -3.8561523086833659e-002 9.7304015472943384e-001 -9.2062170935600356e-003 -2.3045195345439340e-001 2.2988570979728321e-001 -4.1804955982772972e-002 9.7231934367587158e-001</R>
    </region>
    <settings>
      <property name="accuracy_tiepoints" value="1"/>
      <property name="accuracy_cameras" value="10"/>
      <property name="accuracy_cameras_ypr" value="10"/>
      <property name="accuracy_markers" value="0.005"/>
      <property name="accuracy_scalebars" value="0.001"/>
      <property name="accuracy_projections" value="0.1"/>
    </settings>
    <meta>
      <property name="align/adaptive_fitting" value="true"/>
      <property name="align/duration" value="0.919"/>
      <property name="optimize/sigma0" value="0.173575591249905"/>
    </meta>
  </chunk>
</document>
